0 0.35136933379120877 0.2606885302197802 0.3138092376373626 0.33580872252747257 0.3910757211538462 0.3862465659340659 0.44795243818681324 0.30898008241758246
1 0.2408353365384615 0.350832760989011 0.20542153159340665 0.38517342032967034 0.2773222870879121 0.46243990384615385 0.3191749656593407 0.4238066620879121
2 0.3964414491758242 0.7103365384615384 0.3460036057692308 0.7854567307692307 0.44044041895604397 0.8466260302197802 0.49517084478021983 0.7854567307692307
2 0.3470767513736264 0.8240899725274725 0.29985834478021983 0.8605769230769231 0.35351562500000006 0.9163804945054945 0.40609975961538464 0.8723815247252747
2 0.5874613667582418 0.4688787774725275 0.5606327266483517 0.5182434752747253 0.6260946085164836 0.5504378434065934 0.6518501030219779 0.5064388736263736
2 0.5434623969780219 0.5890710851648352 0.4865856799450549 0.6223385989010989 0.5617058722527473 0.6996050824175825 0.6057048420329672 0.6566792582417582 0.5456086881868132 0.5783396291208791
3 0.4468792925824176 0.6287774725274725 0.40073403159340665 0.6759958791208791 0.49624399038461536 0.7489697802197802 0.5273652129120878 0.6920930631868132
1 0.6851176167582418 0.201665521978022 0.635752918956044 0.3036143543956044 0.7269702953296702 0.3669299450549451 0.7913590315934065 0.28751717032967034
1 0.8578940590659341 0.16839800824175827 0.8224802541208791 0.24244505494505497 0.8782838255494505 0.2724931318681319 0.9083319024725274 0.201665521978022
3 0.7591646634615383 0.6792153159340659 0.7216045673076923 0.7275068681318682 0.7784812843406592 0.7833104395604396 0.8214071085164834 0.7285800137362637
1 0.8493088942307692 0.8380408653846154 0.8053099244505495 0.885259271978022 0.8589672046703296 0.952867445054945 0.9179902129120878 0.8841861263736264
3 0.7634572458791209 0.8756009615384616 0.7248240041208791 0.947501717032967 0.8020904876373627 0.9968664148351648 0.8224802541208791 0.9507211538461539
2 0.8943810096153846 0.5439989697802198 0.8557477678571428 0.6116071428571429 0.9287216689560438 0.6405820741758241 0.9641354739010988 0.5665350274725275
0 0.5896076579670331 0.00957245879120881 0.5005365728021978 0.0846926510989011 0.5617058722527473 0.14478880494505497 0.657215831043956 0.06644917582417584
