2 0.8589672046703296 0.6201923076923077 0.877210679945055 0.6577524038461539 0.9340873969780219 0.6362894917582418 0.9201365041208791 0.5901442307692307
2 0.7977979052197801 0.6416552197802198 0.8053099244505495 0.6824347527472527 0.8750643887362637 0.6631181318681318 0.8578940590659341 0.6212654532967034
2 0.7291165865384615 0.6566792582417582 0.744140625 0.7071171016483516 0.8053099244505495 0.6888736263736264 0.7935053228021978 0.6427283653846154
2 0.6990685096153846 0.5579498626373627 0.7151656936813187 0.6244848901098902 0.7806275755494505 0.5965831043956044 0.7602378090659341 0.540779532967033
2 0.7688229739010988 0.5397063873626373 0.7881395947802197 0.603021978021978 0.8514551854395604 0.5858516483516484 0.8256996909340659 0.5214629120879121
2 0.827845982142857 0.5182434752747253 0.852528331043956 0.5965831043956044 0.9201365041208791 0.5643887362637363 0.8857958447802197 0.48926854395604397
3 0.5992659684065935 0.2842977335164835 0.6228751717032968 0.3486864697802198 0.6808250343406592 0.32936984890109894 0.6615084134615383 0.26176167582417587
3 0.6700935782967032 0.26283482142857145 0.684044471153846 0.3207846840659341 0.744140625 0.3014680631868132 0.7248240041208791 0.24244505494505497
3 0.7387748969780219 0.24351820054945056 0.7537989354395604 0.30576064560439564 0.8149682348901099 0.29502918956043955 0.7935053228021978 0.2220552884615385
0 0.573510473901099 0.5203897664835165 0.5778030563186813 0.627704326923077 0.6743861607142856 0.6094608516483516 0.6421917925824177 0.5096583104395604
1 0.5981928228021978 0.06859546703296704 0.5531207074175823 0.1319110576923077 0.6615084134615383 0.2038118131868132 0.6969222184065933 0.14908138736263737
1 0.7151656936813187 0.14264251373626377 0.6539963942307692 0.21990899725274726 0.7097999656593406 0.24137190934065936 0.7677498282967032 0.17161744505494508
1 0.9265753777472527 0.039620535714285726 0.8750643887362637 0.09005837912087913 0.9233559409340659 0.11581387362637363 0.877210679945055 0.13727678571428573 0.8976004464285714 0.15981284340659344 0.998046875 0.09676668079261162
3 0.9018930288461537 0.19308035714285715 0.9169170673076923 0.24351820054945056 0.9845252403846154 0.22312843406593408 0.9652086195054945 0.17376373626373628
3 0.5445355425824177 0.396978021978022 0.5692178914835164 0.43990384615384615 0.524145776098901 0.46243990384615385 0.5101948832417582 0.40770947802197804
0 0.5541938530219781 0.38731971153846156 0.5928270947802199 0.5064388736263736 0.6454112293956045 0.494634271978022 0.6046316964285714 0.3669299450549451
3 0.7666766826923077 0.8112122252747253 0.7323360233516483 0.752189217032967 0.684044471153846 0.7704326923076923 0.7258971497252746 0.8305288461538461
1 0.7377017513736264 0.8294557005494505 0.8096025068681318 0.9303313873626373 0.8450163118131868 0.9056490384615384 0.7666766826923077 0.8037002060439561
1 0.6915564903846154 0.8637963598901099 0.7355554601648351 0.8358945741758241 0.7666766826923077 0.8713083791208791 0.7312628777472527 0.9120879120879121
