1 0.3105898008241758 0.16410542582417584 0.31166294642857145 0.26176167582417587 0.4082460508241758 0.2284941620879121 0.3857099931318681 0.14371565934065936
1 0.23117702609890117 0.36049107142857145 0.26981026785714285 0.4645861950549451 0.35136933379120877 0.43024553571428575 0.3159555288461539 0.34546703296703296
0 0.3610276442307692 0.31541895604395603 0.36961280906593413 0.3776614010989011 0.39751459478021983 0.36585679945054944 0.41468492445054944 0.40663633241758246 0.48980511675824173 0.38410027472527475 0.4661959134615385 0.29502918956043955
0 0.5402429601648351 0.3261504120879121 0.5692178914835164 0.3819539835164835 0.6443380837912087 0.35727163461538464 0.611070570054945 0.2800051510989011
0 0.48980511675824173 0.18771462912087913 0.4865856799450549 0.2692736950549451 0.5713641826923077 0.2842977335164835 0.5831687843406594 0.18771462912087913
1 0.5456086881868132 0.06430288461538462 0.6046316964285714 0.18556833791208793 0.6958490728021978 0.14049622252747254 0.6615084134615383 0.04713255494505496
0 0.7505794986263736 0.13942307692307696 0.7344823145604396 0.2724931318681319 0.8589672046703296 0.28537087912087916 0.8761375343406592 0.1533739697802198 0.7602378090659341 0.11688701923076925
0 0.9952566964285714 0.201665521978022 0.893307864010989 0.18234890109890112 0.877210679945055 0.27034684065934067 0.9287216689560438 0.26283482142857145 0.9330142513736264 0.30683379120879123 0.9931104052197801 0.30576064560439564
3 0.990964114010989 0.4560010302197802 0.9437457074175823 0.4517084478021978 0.9308679601648351 0.5085851648351648 0.9888178228021978 0.5064388736263736
1 0.573510473901099 0.5118046016483516 0.4908782623626374 0.5182434752747253 0.5198531936813187 0.5955099587912088 0.594973385989011 0.5826322115384616
3 0.9888178228021978 0.833748282967033 0.9308679601648351 0.8573574862637363 0.9523308722527473 0.9163804945054945 0.9920372596153846 0.9110147664835164
